0.0000000e+00	1.0000000e+00	1.0000000e+00	0.0000000e+00
1.0000000e-01	1.0101010e+00	1.0100502e+00	5.0832916e-05
2.0000000e-01	1.0410224e+00	1.0408108e+00	2.1159924e-04
3.0000000e-01	1.0946833e+00	1.0941743e+00	5.0902707e-04
4.0000000e-01	1.1745039e+00	1.1735109e+00	9.9306166e-04
5.0000000e-01	1.2857726e+00	1.2840254e+00	1.7472014e-03
6.0000000e-01	1.4362351e+00	1.4333294e+00	2.9056731e-03
7.0000000e-01	1.6369984e+00	1.6323162e+00	4.6822299e-03
8.0000000e-01	1.9039002e+00	1.8964809e+00	7.4193682e-03
9.0000000e-01	2.2595736e+00	2.2479080e+00	1.1665632e-02
1.0000000e+00	2.7365940e+00	2.7182818e+00	1.8312184e-02
