0.0000000e+00	1.0000000e+00	1.0000000e+00	0.0000000e+00
5.0000000e-02	1.0025062e+00	1.0025031e+00	3.1223942e-06
1.0000000e-01	1.0100628e+00	1.0100502e+00	1.2662372e-05
1.5000000e-01	1.0227840e+00	1.0227550e+00	2.8988512e-05
2.0000000e-01	1.0408635e+00	1.0408108e+00	5.2761298e-05
2.5000000e-01	1.0645794e+00	1.0644945e+00	8.4948935e-05
3.0000000e-01	1.0943012e+00	1.0941743e+00	1.2687378e-04
3.5000000e-01	1.1304994e+00	1.1303191e+00	1.8027647e-04
4.0000000e-01	1.1737583e+00	1.1735109e+00	2.4740150e-04
4.5000000e-01	1.2247912e+00	1.2244601e+00	3.3110924e-04
5.0000000e-01	1.2844604e+00	1.2840254e+00	4.3502112e-04
5.5000000e-01	1.3538014e+00	1.3532377e+00	5.6370686e-04
6.0000000e-01	1.4340523e+00	1.4333294e+00	7.2292526e-04
6.5000000e-01	1.5266912e+00	1.5257712e+00	9.1993383e-04
7.0000000e-01	1.6334801e+00	1.6323162e+00	1.1638872e-03
7.5000000e-01	1.7565214e+00	1.7550547e+00	1.4667917e-03
8.0000000e-01	1.8983239e+00	1.8964809e+00	1.8430563e-03
8.5000000e-01	2.0618871e+00	2.0595757e+00	2.3113373e-03
9.0000000e-01	2.2508034e+00	2.2479080e+00	2.8953671e-03
9.5000000e-01	2.4693852e+00	2.4657598e+00	3.6254137e-03
1.0000000e+00	2.7228220e+00	2.7182818e+00	4.5401837e-03
