0.0000000e+00	1.0000000e+00	1.0000000e+00	0.0000000e+00
2.5000000e-02	1.0006254e+00	1.0006252e+00	1.9527180e-07
5.0000000e-02	1.0025039e+00	1.0025031e+00	7.8279673e-07
7.5000000e-02	1.0056426e+00	1.0056409e+00	1.7679626e-06
1.0000000e-01	1.0100533e+00	1.0100502e+00	3.1601353e-06
1.2500000e-01	1.0157527e+00	1.0157477e+00	4.9727611e-06
1.5000000e-01	1.0227623e+00	1.0227550e+00	7.2235165e-06
1.7500000e-01	1.0311087e+00	1.0310988e+00	9.9345093e-06
2.0000000e-01	1.0408239e+00	1.0408108e+00	1.3132531e-05
2.2500000e-01	1.0519452e+00	1.0519283e+00	1.6849366e-05
2.5000000e-01	1.0645156e+00	1.0644945e+00	2.1122164e-05
2.7500000e-01	1.0785840e+00	1.0785580e+00	2.5993872e-05
3.0000000e-01	1.0942058e+00	1.0941743e+00	3.1513745e-05
3.2500000e-01	1.1114428e+00	1.1114050e+00	3.7737933e-05
3.5000000e-01	1.1303639e+00	1.1303191e+00	4.4730153e-05
3.7500000e-01	1.1510455e+00	1.1509929e+00	5.2562463e-05
4.0000000e-01	1.1735722e+00	1.1735109e+00	6.1316141e-05
4.2500000e-01	1.1980371e+00	1.1979659e+00	7.1193643e-05
4.5000000e-01	1.2245423e+00	1.2244601e+00	8.2209387e-05
4.7500000e-01	1.2532001e+00	1.2531057e+00	9.4482682e-05
5.0000000e-01	1.2841336e+00	1.2840254e+00	1.0814755e-04
5.2500000e-01	1.3174771e+00	1.3173538e+00	1.2335447e-04
5.5000000e-01	1.3533779e+00	1.3532377e+00	1.4027237e-04
5.7500000e-01	1.3919968e+00	1.3918378e+00	1.5909088e-04
6.0000000e-01	1.4335094e+00	1.4333294e+00	1.8002286e-04
6.2500000e-01	1.4781075e+00	1.4779042e+00	2.0330731e-04
6.5000000e-01	1.5260004e+00	1.5257712e+00	2.2921269e-04
6.7500000e-01	1.5774168e+00	1.5771588e+00	2.5804058e-04
7.0000000e-01	1.6326063e+00	1.6323162e+00	2.9012995e-04
7.2500000e-01	1.6918416e+00	1.6915157e+00	3.2586198e-04
7.5000000e-01	1.7554203e+00	1.7550547e+00	3.6566551e-04
7.7500000e-01	1.8236680e+00	1.8232580e+00	4.1002323e-04
8.0000000e-01	1.8969404e+00	1.8964809e+00	4.5947884e-04
8.2500000e-01	1.9756264e+00	1.9751118e+00	5.1464501e-04
8.5000000e-01	2.0601519e+00	2.0595757e+00	5.7621263e-04
8.7500000e-01	2.1509829e+00	2.1503379e+00	6.4496127e-04
9.0000000e-01	2.2486298e+00	2.2479080e+00	7.2177110e-04
9.2500000e-01	2.3536521e+00	2.3528444e+00	8.0763658e-04
9.5000000e-01	2.4666635e+00	2.4657598e+00	9.0368199e-04
9.7500000e-01	2.5883374e+00	2.5873262e+00	1.0111793e-03
1.0000000e+00	2.7194134e+00	2.7182818e+00	1.1315686e-03
