0.0000000e+00	1.0000000e+00	1.0000000e+00	0.0000000e+00
1.0000000e-01	1.0204080e+00	1.0100502e+00	1.0357833e-02
2.0000000e-01	1.0629249e+00	1.0408108e+00	2.2114169e-02
3.0000000e-01	1.1307709e+00	1.0941743e+00	3.6596604e-02
4.0000000e-01	1.2290987e+00	1.1735109e+00	5.5587821e-02
5.0000000e-01	1.3656648e+00	1.2840254e+00	8.1639414e-02
6.0000000e-01	1.5518906e+00	1.4333294e+00	1.1856120e-01
7.0000000e-01	1.8045235e+00	1.6323162e+00	1.7220725e-01
8.0000000e-01	2.1482407e+00	1.8964809e+00	2.5175982e-01
9.0000000e-01	2.6198050e+00	2.2479080e+00	3.7189696e-01
1.0000000e+00	3.2747538e+00	2.7182818e+00	5.5647201e-01
