0.0000000e+00	1.0000000e+00	1.0000000e+00	0.0000000e+00
5.0000000e-02	1.0050251e+00	1.0025031e+00	2.5219974e-03
1.0000000e-01	1.0151769e+00	1.0100502e+00	5.1267217e-03
1.5000000e-01	1.0306364e+00	1.0227550e+00	7.8813833e-03
2.0000000e-01	1.0516698e+00	1.0408108e+00	1.0858995e-02
2.5000000e-01	1.0786356e+00	1.0644945e+00	1.4141109e-02
3.0000000e-01	1.1119953e+00	1.0941743e+00	1.7820975e-02
3.5000000e-01	1.1523264e+00	1.1303191e+00	2.2007273e-02
4.0000000e-01	1.2003400e+00	1.1735109e+00	2.6829103e-02
4.5000000e-01	1.2569005e+00	1.2244601e+00	3.2440376e-02
5.0000000e-01	1.3230531e+00	1.2840254e+00	3.9027640e-02
5.5000000e-01	1.4000560e+00	1.3532377e+00	4.6818369e-02
6.0000000e-01	1.4894212e+00	1.4333294e+00	5.6091750e-02
6.5000000e-01	1.5929636e+00	1.5257712e+00	6.7192340e-02
7.0000000e-01	1.7128636e+00	1.6323162e+00	8.0547430e-02
7.5000000e-01	1.8517439e+00	1.7550547e+00	9.6689229e-02
8.0000000e-01	2.0127650e+00	1.8964809e+00	1.1628414e-01
8.5000000e-01	2.1997431e+00	2.0595757e+00	1.4016736e-01
9.0000000e-01	2.4172999e+00	2.2479080e+00	1.6939192e-01
9.5000000e-01	2.6710493e+00	2.4657598e+00	2.0528953e-01
1.0000000e+00	2.9678322e+00	2.7182818e+00	2.4955034e-01
