0.0000000e+00	1.0000000e+00	1.0000000e+00	0.0000000e+00
2.5000000e-02	1.0012516e+00	1.0006252e+00	6.2636715e-04
5.0000000e-02	1.0037610e+00	1.0025031e+00	1.2578294e-03
7.5000000e-02	1.0075392e+00	1.0056409e+00	1.8983613e-03
1.0000000e-01	1.0126022e+00	1.0100502e+00	2.5520232e-03
1.2500000e-01	1.0189707e+00	1.0157477e+00	3.2229980e-03
1.5000000e-01	1.0266707e+00	1.0227550e+00	3.9156280e-03
1.7500000e-01	1.0357333e+00	1.0310988e+00	4.6345586e-03
2.0000000e-01	1.0461953e+00	1.0408108e+00	5.3845051e-03
2.2500000e-01	1.0580989e+00	1.0519283e+00	6.1705436e-03
2.5000000e-01	1.0714925e+00	1.0644945e+00	6.9980848e-03
2.7500000e-01	1.0864310e+00	1.0785580e+00	7.8729265e-03
3.0000000e-01	1.1029756e+00	1.0941743e+00	8.8013104e-03
3.2500000e-01	1.1211950e+00	1.1114050e+00	9.7899844e-03
3.5000000e-01	1.1411654e+00	1.1303191e+00	1.0846271e-02
3.7500000e-01	1.1629711e+00	1.1509929e+00	1.1978142e-02
4.0000000e-01	1.1867052e+00	1.1735109e+00	1.3194304e-02
4.2500000e-01	1.2124701e+00	1.1979659e+00	1.4504289e-02
4.5000000e-01	1.2403786e+00	1.2244601e+00	1.5918557e-02
4.7500000e-01	1.2705543e+00	1.2531057e+00	1.7448614e-02
5.0000000e-01	1.3031326e+00	1.2840254e+00	1.9107138e-02
5.2500000e-01	1.3382619e+00	1.3173538e+00	2.0908120e-02
5.5000000e-01	1.3761047e+00	1.3532377e+00	2.2867032e-02
5.7500000e-01	1.4168388e+00	1.3918378e+00	2.5001001e-02
6.0000000e-01	1.4606584e+00	1.4333294e+00	2.7329013e-02
6.2500000e-01	1.5077763e+00	1.4779042e+00	2.9872146e-02
6.5000000e-01	1.5584250e+00	1.5257712e+00	3.2653818e-02
6.7500000e-01	1.6128589e+00	1.5771588e+00	3.5700085e-02
7.0000000e-01	1.6713562e+00	1.6323162e+00	3.9039962e-02
7.2500000e-01	1.7342215e+00	1.6915157e+00	4.2705796e-02
7.5000000e-01	1.8017883e+00	1.7550547e+00	4.6733679e-02
7.7500000e-01	1.8744219e+00	1.8232580e+00	5.1163920e-02
8.0000000e-01	1.9525225e+00	1.8964809e+00	5.6041584e-02
8.2500000e-01	2.0365289e+00	1.9751118e+00	6.1417091e-02
8.5000000e-01	2.1269231e+00	2.0595757e+00	6.7347375e-02
8.7500000e-01	2.2242333e+00	2.1503379e+00	7.3895360e-02
9.0000000e-01	2.3290400e+00	2.2479080e+00	8.1132062e-02
9.2500000e-01	2.4419817e+00	2.3528444e+00	8.9137216e-02
9.5000000e-01	2.5637602e+00	2.4657598e+00	9.8000422e-02
9.7500000e-01	2.6951487e+00	2.5873262e+00	1.0782245e-01
1.0000000e+00	2.8369985e+00	2.7182818e+00	1.1871672e-01
